goal_location:
  latitude: 49.89993933393297
  longitude: 8.90009043700352